0 0 0 1 2 4 7 9 17 23 29 29 33 31 38 35 31 25 24 17 11 6 2 0 0 0 0 0 
0 0 0 1 1 4 6 9 15 23 24 26 28 28 35 36 30 26 26 16 12 9 4 2 1 0 0 0 
0 0 0 0 0 1 3 8 19 21 26 25 23 31 36 32 36 33 28 17 13 9 3 1 1 0 0 0 
0 0 0 0 0 1 3 5 16 18 23 24 28 29 34 33 35 31 29 20 14 8 3 2 1 0 0 0 
0 0 0 0 0 2 4 5 15 22 24 25 30 35 38 31 32 30 30 19 11 8 4 2 1 0 0 0 
0 0 0 0 0 2 3 7 11 21 23 27 29 34 30 24 29 31 31 18 14 10 5 4 1 0 0 0 
0 0 0 0 0 3 5 7 18 20 23 26 30 36 36 31 36 32 33 21 13 7 5 4 3 0 0 0 
0 0 0 0 1 2 4 9 17 23 25 24 32 36 37 33 36 37 32 26 16 7 7 4 3 0 0 0 
0 0 0 0 1 3 3 10 20 25 27 27 32 34 35 36 35 34 32 26 18 11 8 3 3 0 0 0 
0 0 0 0 1 1 5 10 21 25 30 31 31 35 35 37 37 35 31 23 11 10 8 3 2 0 0 0 
0 0 0 0 1 2 7 14 29 29 38 33 31 30 33 33 41 31 31 21 14 10 7 3 1 0 0 0 
0 0 0 0 2 3 9 15 23 32 32 32 31 29 35 36 35 37 28 22 13 9 5 2 0 0 0 0 
0 0 0 0 2 4 10 17 24 27 29 32 34 38 39 41 40 40 31 21 12 10 2 1 0 0 0 0 
0 0 0 0 2 2 9 12 23 28 28 31 34 41 43 39 41 37 34 21 14 7 3 2 1 0 0 0 
0 0 0 0 2 4 9 14 20 26 28 33 36 45 46 43 38 38 30 23 16 8 5 4 1 0 0 0 
0 0 0 0 1 3 11 15 23 26 30 27 29 36 43 40 38 33 28 23 16 7 5 5 1 0 0 0 
0 0 0 0 2 4 12 17 25 29 28 25 26 31 36 38 37 31 32 20 16 7 4 4 0 0 0 0 
0 0 0 1 2 6 9 19 23 25 27 27 26 24 31 32 39 36 31 25 14 7 4 3 0 0 0 0 
0 0 1 2 2 3 6 14 14 20 20 23 22 21 27 32 32 35 28 24 15 8 4 3 1 0 0 0 
0 0 1 2 3 4 9 12 14 18 19 22 22 27 32 39 40 36 31 21 18 8 4 4 2 1 0 0 
0 0 1 2 3 4 7 12 16 19 22 23 29 34 39 38 43 37 31 26 17 8 5 4 2 1 0 0 
0 0 1 1 1 4 8 11 18 20 26 26 29 27 36 37 38 35 31 21 16 8 4 1 0 0 0 0 
0 0 0 0 1 3 5 12 13 18 23 27 31 32 30 31 33 31 29 22 15 8 3 1 0 0 0 0 
0 0 0 0 1 3 6 10 15 18 27 27 25 25 28 29 31 31 31 25 19 12 4 2 1 0 0 0 
0 0 0 0 1 2 3 8 15 20 26 23 23 29 24 29 32 33 31 24 19 12 3 2 1 1 1 0 
0 0 0 0 1 2 6 12 15 19 22 24 22 20 20 23 30 33 26 24 19 12 7 3 1 1 1 0 
0 0 0 0 0 3 5 15 20 24 23 23 24 24 24 23 28 30 34 29 23 17 11 5 3 2 1 0 
0 0 0 0 1 5 7 15 21 24 24 21 27 27 29 31 36 35 34 33 25 18 10 3 3 3 1 0 
0 0 0 0 1 4 8 17 27 32 34 32 37 34 36 37 28 31 23 22 19 16 10 4 2 0 0 0 
0 0 0 0 1 4 8 17 30 36 34 38 38 34 35 35 31 33 27 23 21 12 6 3 1 0 0 0 
0 0 0 0 1 4 6 17 24 29 32 31 29 33 38 37 35 31 30 25 22 13 7 3 1 0 0 0 
0 0 0 1 2 5 9 17 22 27 36 29 32 31 34 39 36 33 27 23 21 12 7 1 1 0 0 0 
0 0 0 1 2 7 9 17 23 26 27 25 32 37 42 41 37 33 27 27 21 13 6 1 1 0 0 0 
0 0 0 1 2 5 10 19 21 25 27 28 33 41 46 47 45 38 33 23 19 15 5 1 0 0 0 0 
0 0 0 0 2 4 9 19 23 26 29 34 36 45 48 46 48 40 32 27 17 13 5 0 0 0 0 0 
0 0 0 0 1 3 9 18 26 27 32 35 43 48 49 50 46 42 36 22 16 11 3 0 0 0 0 0 
0 0 0 0 2 3 7 15 22 27 26 30 37 38 43 46 43 41 32 23 15 11 3 1 0 0 0 0 
0 0 0 0 2 2 4 12 18 25 26 27 35 41 42 41 42 38 32 27 16 9 3 0 0 0 0 0 
0 0 0 0 1 1 2 13 23 24 29 29 36 39 44 42 38 39 35 29 17 10 3 1 0 0 0 0 
0 0 0 0 0 1 3 12 22 26 29 33 42 45 48 42 38 33 33 30 15 10 2 1 1 0 0 0 
0 0 0 0 0 1 5 12 21 24 28 34 41 44 45 43 42 40 39 30 19 9 4 3 2 0 0 0 
0 0 0 0 1 1 7 13 18 24 29 39 39 46 46 45 44 39 39 31 18 7 5 5 4 2 0 0 
0 0 0 0 1 3 4 13 21 24 29 34 33 39 43 39 37 40 37 30 17 8 5 6 5 2 0 0 
0 0 0 0 2 3 7 14 21 26 30 31 30 35 40 39 39 42 36 31 17 11 7 6 4 1 0 0 
0 0 0 0 1 3 7 12 16 30 33 34 34 41 38 40 39 43 37 28 15 10 9 5 2 1 0 0 
0 0 0 0 2 4 8 11 18 27 33 31 38 40 38 46 45 40 34 27 17 12 9 7 2 1 0 0 
0 0 0 0 2 7 9 12 20 26 32 31 39 39 43 48 48 41 37 26 18 14 10 6 2 0 0 0 
0 0 0 0 2 6 11 14 27 31 37 34 42 38 42 44 51 44 37 30 18 14 10 6 1 0 0 0 
0 0 0 0 1 7 12 20 31 36 38 33 35 37 39 45 43 39 34 30 21 12 7 5 1 0 0 0 
0 0 0 0 3 5 12 22 34 38 35 35 38 39 42 40 40 44 36 29 17 8 6 4 1 0 0 0 
0 0 0 1 3 5 10 23 32 38 36 35 34 39 44 48 49 47 34 29 15 9 6 3 1 0 0 0 
0 0 0 1 3 5 8 17 25 35 37 37 38 42 46 49 52 47 35 24 15 8 6 3 0 0 0 0 
0 0 0 1 4 6 7 14 22 29 35 40 37 48 48 56 51 47 36 23 17 8 7 3 0 0 0 0 
0 0 0 1 4 7 9 12 20 27 31 34 37 44 47 46 46 39 31 26 17 7 6 3 1 0 0 0 
0 0 0 1 3 6 8 13 20 25 25 36 37 43 42 43 47 39 38 28 18 8 6 4 2 1 0 0 
0 0 0 1 3 5 8 14 19 25 29 33 35 41 43 46 43 40 36 25 18 9 5 4 2 1 0 0 
0 0 0 0 2 4 9 16 18 26 27 31 33 37 37 40 41 36 33 25 18 10 2 0 1 1 1 0 
0 0 0 0 1 4 9 18 20 30 32 31 39 40 42 42 38 38 34 25 18 13 5 0 0 1 1 0 
0 0 0 0 0 4 9 16 18 29 35 35 40 47 48 47 38 40 38 31 19 12 5 1 0 0 0 0 
0 0 0 0 0 2 8 12 21 30 36 36 41 48 45 42 35 39 44 36 25 12 4 3 0 0 0 0 
0 0 0 0 1 2 4 9 21 28 31 34 36 40 40 35 32 37 39 34 22 12 6 6 0 0 0 0 
0 0 0 0 1 3 3 10 19 29 34 33 36 40 40 42 36 39 37 27 19 11 7 5 1 0 0 0 
0 0 0 0 1 3 3 8 19 32 35 37 44 46 47 48 41 38 32 26 17 9 6 3 0 0 0 0 
0 0 0 0 1 1 3 6 15 28 30 38 43 42 46 46 41 39 33 25 14 8 3 2 0 0 0 0 
0 0 0 0 1 1 3 6 13 23 31 36 38 45 46 47 47 45 34 24 14 6 2 1 0 0 0 0 
0 0 0 0 0 0 4 7 14 21 34 36 35 42 39 44 43 41 32 24 10 4 2 1 0 0 0 0 
0 0 0 0 1 2 3 8 18 23 33 39 38 43 42 42 45 40 31 23 8 6 2 1 0 0 0 0 
0 0 0 0 2 2 3 7 17 23 32 32 41 40 42 45 45 47 29 17 9 5 2 0 0 0 0 0 
0 0 0 1 2 2 2 8 15 20 26 31 37 34 37 41 45 44 32 20 8 4 1 0 0 0 0 0 
0 0 0 1 1 0 5 9 12 18 25 25 29 27 31 39 43 39 30 23 9 6 3 2 0 0 0 0 
0 0 0 1 1 2 5 9 15 18 24 27 31 34 36 39 37 38 24 22 10 6 4 1 0 0 0 0 
0 0 0 1 2 4 6 9 19 20 24 26 33 35 37 36 37 35 30 24 12 7 3 1 0 0 0 0 
0 0 0 1 2 3 8 10 14 17 25 25 29 34 36 39 42 39 34 18 12 9 4 2 1 0 0 0 
0 0 0 0 2 5 7 13 15 21 26 31 34 34 33 39 48 43 33 23 15 10 6 4 2 1 0 0 
0 0 0 0 0 6 12 16 19 17 29 33 37 39 39 44 47 44 37 22 15 10 8 5 2 1 0 0 
0 0 0 0 1 5 12 19 19 21 30 33 34 40 43 47 46 40 31 20 15 9 9 5 3 2 0 0 
0 0 0 0 2 5 10 20 23 28 28 28 36 40 38 46 42 37 25 19 13 10 7 4 1 1 0 0 
0 0 0 0 2 5 12 17 24 32 33 35 34 35 38 45 40 36 27 23 15 11 7 3 1 0 0 0 
0 0 0 0 2 5 13 20 27 30 31 30 29 35 42 46 40 41 33 23 21 14 8 4 1 1 0 0 
0 0 0 0 1 5 14 22 26 27 31 32 31 39 47 44 45 41 36 28 23 16 7 1 1 1 0 0 
0 0 0 0 2 3 11 20 23 26 25 27 31 38 41 48 45 42 35 29 23 11 6 3 0 0 0 0 
0 0 0 0 2 4 9 15 20 25 24 27 31 37 39 46 39 37 30 26 21 13 7 3 0 0 0 0 
0 0 0 1 4 6 11 18 22 26 26 27 28 35 40 43 43 43 36 25 15 12 9 2 0 0 0 0 
0 0 0 1 5 6 10 17 20 24 28 28 28 37 38 43 42 44 36 26 14 13 7 5 2 0 0 0 
0 0 0 0 0 2 6 10 22 25 28 28 28 34 39 42 48 43 40 28 15 11 4 2 0 0 0 0 
0 0 0 0 1 3 7 12 21 28 31 30 30 31 33 37 44 42 39 26 18 14 8 2 1 1 0 0 
0 0 0 1 2 4 11 16 23 28 31 32 28 29 30 38 46 45 38 28 21 15 8 3 1 1 0 0 
0 0 0 1 2 5 9 16 23 29 34 35 30 34 36 43 48 44 43 30 21 14 9 3 1 1 0 0 
0 0 0 2 2 4 6 13 20 25 31 30 31 35 37 44 49 46 49 29 26 15 8 3 2 0 0 0 
0 0 0 1 3 5 7 14 19 23 26 30 34 34 34 41 44 46 45 32 29 14 8 3 1 0 0 0 
0 0 1 2 2 3 5 16 20 26 27 36 39 37 33 44 47 47 50 37 24 18 10 3 1 0 0 0 
0 0 1 2 2 2 7 12 20 27 31 38 38 31 38 43 50 47 43 36 23 20 10 4 2 1 1 0 
0 0 1 2 2 2 3 10 13 24 30 35 32 37 36 46 45 43 36 29 23 18 10 5 4 1 0 0 
0 0 0 1 1 1 2 7 16 24 29 30 34 35 38 44 43 38 35 31 20 13 7 4 2 0 0 0 
0 0 0 1 1 0 2 9 19 22 26 29 30 35 39 43 40 38 31 26 14 9 5 3 2 1 0 0 
0 0 0 0 0 1 3 7 14 22 25 30 33 37 41 38 39 38 32 25 14 7 3 2 1 1 0 0 
0 0 0 0 1 2 6 10 17 24 29 29 31 38 38 35 34 33 31 23 10 5 3 3 2 2 0 0 
0 0 0 0 1 1 5 9 18 22 30 29 33 36 38 39 33 30 31 21 10 4 3 4 3 2 0 0 
0 0 0 0 1 2 7 12 19 29 31 29 31 36 35 35 32 28 28 18 11 7 5 5 4 2 0 0 
0 0 0 0 1 2 6 12 20 25 28 23 26 28 31 34 35 33 26 17 10 7 6 3 3 0 0 0 
0 0 0 0 2 4 9 15 26 27 22 25 26 34 34 40 39 37 30 17 8 8 5 3 2 0 0 0 
0 0 0 0 2 5 8 15 23 22 21 23 24 35 43 46 45 36 26 23 13 9 8 4 2 0 0 0 
0 0 0 0 4 5 12 13 21 22 28 26 27 34 39 43 40 33 26 20 10 8 6 6 0 0 0 0 
0 0 0 1 3 5 10 14 21 25 29 29 27 35 41 47 40 35 33 18 12 10 9 5 2 0 0 0 
0 0 0 1 3 6 10 15 19 27 30 24 27 33 42 46 45 33 31 19 16 8 7 5 2 0 0 0 
0 0 0 0 2 5 10 15 19 25 29 28 35 40 43 44 39 38 28 17 16 9 8 5 2 0 0 0 
0 0 0 0 1 3 8 11 20 25 29 31 38 39 43 40 39 38 33 20 15 9 7 6 2 0 0 0 
0 0 0 0 1 5 8 14 21 28 34 38 44 42 45 43 39 37 30 21 16 10 7 5 2 0 0 0 
0 0 0 0 0 7 10 17 22 30 30 37 40 43 44 40 41 37 31 21 12 11 6 5 2 0 0 0 
0 0 0 0 1 7 13 19 24 28 33 37 37 39 37 39 40 38 34 22 20 12 7 2 2 0 0 0 
0 0 0 0 1 5 13 16 20 28 32 39 38 35 42 45 41 40 32 22 19 10 6 3 2 0 0 0 
0 0 0 0 1 7 11 15 21 29 32 37 36 42 44 44 41 36 32 24 16 8 5 3 1 0 0 0 
0 0 0 1 2 4 7 8 15 23 30 33 34 36 35 47 52 48 35 23 13 12 8 2 1 0 0 0 
0 0 0 1 3 4 7 8 12 18 25 26 35 34 38 48 49 45 33 23 12 10 6 3 2 1 0 0 
0 0 0 0 3 5 6 7 15 20 26 29 35 35 41 45 43 40 30 20 17 10 5 2 1 1 0 0 
0 0 0 0 2 5 7 7 14 24 28 31 36 35 43 40 35 36 24 21 17 9 5 2 1 1 0 0 
0 0 0 0 0 4 8 13 19 24 24 27 36 38 45 41 33 33 28 22 18 8 2 1 0 0 0 0 
0 0 0 1 2 3 10 13 20 23 24 30 39 43 44 36 35 33 30 25 19 9 5 3 1 1 1 0 
0 0 0 1 2 3 7 14 16 17 23 26 35 41 45 41 36 36 30 27 19 10 7 4 1 1 1 0 
0 0 1 1 2 4 5 11 14 18 25 30 36 46 47 43 34 37 32 26 17 9 9 4 0 0 0 0 
0 0 0 1 3 5 6 11 12 18 25 31 36 45 44 49 41 39 36 24 19 10 8 4 1 0 0 0 
0 0 0 1 2 5 8 10 15 16 21 32 33 41 41 43 44 41 33 23 14 8 5 3 1 1 0 0 
0 0 0 0 2 3 8 11 21 22 28 36 38 43 40 36 39 39 33 23 11 7 6 4 2 1 0 0 
0 0 0 0 2 4 7 14 17 23 30 31 35 40 41 41 39 37 34 24 13 9 7 4 2 2 0 0 
0 0 0 0 3 5 9 17 22 25 31 28 34 38 38 43 36 41 33 30 17 10 7 4 2 1 0 0 
0 0 0 1 3 5 13 18 22 25 26 28 31 35 42 41 41 41 35 27 21 12 6 3 1 1 0 0 
0 0 0 1 3 5 14 16 24 29 31 32 37 45 46 46 42 40 34 23 19 10 8 2 1 0 0 0 
0 0 0 0 2 2 11 17 24 32 34 38 45 47 49 53 46 38 33 26 19 9 5 2 1 0 0 0 
0 0 0 0 2 3 13 19 25 32 36 42 46 48 48 55 47 38 31 28 19 12 6 2 0 0 0 0 
0 0 0 1 2 5 8 16 21 29 36 39 40 43 42 51 50 39 31 24 17 11 8 1 1 0 0 0 
0 0 0 1 2 5 7 13 23 32 35 40 38 35 41 45 41 36 32 24 17 11 5 3 0 0 0 0 
0 0 0 0 3 4 6 13 22 30 34 34 39 41 43 45 46 38 34 26 17 9 5 2 0 0 0 0 
0 0 0 1 1 4 6 15 19 26 33 34 40 42 46 50 44 43 39 24 15 9 4 1 0 0 0 0 
0 0 0 1 1 5 7 11 18 24 33 32 34 36 38 42 43 41 33 21 16 10 4 1 0 0 0 0 
0 0 0 1 2 4 6 11 17 24 31 31 32 37 40 43 39 41 33 21 16 9 4 2 0 0 0 0 
0 0 0 1 2 4 6 9 20 27 29 33 28 34 42 43 40 40 33 25 16 9 6 2 0 0 0 0 
0 0 0 1 1 5 6 9 18 27 28 29 31 40 39 38 39 36 34 24 15 9 6 1 1 0 0 0 
0 0 0 0 0 3 5 8 15 22 28 32 32 33 31 35 39 43 34 21 14 7 5 1 1 0 0 0 
0 0 0 0 0 1 2 8 13 20 30 32 30 31 33 35 44 46 36 25 15 6 3 1 1 0 0 0 
0 0 0 0 0 2 3 6 15 22 28 30 31 33 37 44 43 49 35 27 13 8 4 2 1 0 0 0 
0 0 0 0 2 4 4 6 15 16 23 30 35 36 40 41 36 33 27 17 13 11 8 4 2 2 1 0 
0 0 0 0 2 3 6 9 12 16 24 28 32 38 33 37 30 31 21 19 13 10 6 3 3 1 1 0 
0 0 0 0 1 3 8 9 11 20 26 33 34 33 37 34 30 25 22 19 18 9 3 3 2 0 0 0 
0 0 0 0 0 5 6 9 14 20 26 28 32 39 38 36 30 30 25 18 17 7 3 2 1 0 0 0 
0 0 0 0 1 4 5 8 13 20 26 27 28 37 34 38 39 35 27 19 15 7 3 3 2 0 0 0 
0 0 0 0 1 3 6 8 12 19 27 26 25 31 32 37 35 31 29 20 15 5 3 3 1 0 0 0 
0 0 0 0 1 3 4 11 15 23 25 28 28 30 34 38 41 36 33 26 17 6 5 3 2 1 0 0 
0 0 0 0 1 2 6 11 15 20 27 28 30 38 40 39 42 36 32 25 16 6 5 3 1 1 0 0 
0 0 0 0 0 3 5 10 12 22 27 28 31 37 33 38 39 38 31 26 13 9 5 4 0 0 0 0 
0 0 0 0 1 4 5 9 14 22 32 34 38 37 34 41 39 38 33 23 14 8 3 3 0 0 0 0 
0 0 0 0 1 5 5 9 15 24 30 31 32 34 32 38 35 38 30 22 14 10 4 3 0 0 0 0 
0 0 0 0 1 4 7 9 13 22 32 31 34 32 35 39 40 32 22 19 12 8 5 3 1 0 0 0 
0 0 0 0 2 3 5 11 18 22 30 33 31 31 35 42 39 32 19 13 10 8 4 3 2 0 0 0 
0 0 0 0 3 3 6 14 21 27 30 34 35 36 38 42 43 36 20 13 12 9 6 4 2 0 0 0 
0 0 0 1 3 5 6 14 23 26 27 33 36 39 41 43 41 32 24 15 11 8 5 4 1 0 0 0 
0 0 0 0 4 6 9 14 22 27 26 33 39 41 45 50 42 33 25 17 12 8 4 3 0 0 0 0 
0 0 0 0 2 9 10 19 20 21 20 27 37 42 45 42 36 32 25 17 11 6 4 3 1 0 0 0 
0 0 0 0 2 7 10 18 21 19 22 28 30 36 36 38 33 30 26 18 12 8 3 4 3 1 1 0 
0 0 0 0 1 6 11 18 20 19 22 28 27 31 35 38 37 33 31 22 18 9 6 5 2 1 1 0 
0 0 0 0 0 4 7 12 17 21 27 27 28 32 34 34 36 34 34 25 17 10 7 3 3 2 1 0 
0 0 0 0 0 4 5 10 15 22 30 29 32 29 31 30 36 34 35 26 20 11 6 2 1 1 1 0 
0 0 0 0 0 3 6 10 18 23 29 32 30 29 29 32 33 34 32 25 21 12 8 3 0 0 0 0 
0 0 0 0 1 4 8 12 18 27 29 30 28 26 29 35 33 31 36 28 22 13 8 6 1 0 0 0 
0 0 0 1 1 3 6 14 24 31 28 28 27 30 32 31 33 32 31 25 21 15 9 6 3 0 0 0 
0 0 0 1 1 3 5 16 25 31 32 32 34 37 36 37 36 36 30 24 18 11 8 5 2 2 1 0 
0 0 0 0 0 1 5 15 21 25 27 31 34 37 42 39 33 37 31 25 13 8 7 5 2 2 1 1 
0 0 0 0 0 1 6 14 17 21 20 24 25 33 38 33 29 33 25 21 11 7 6 5 1 1 0 0 
0 0 0 0 1 1 4 16 15 20 20 26 27 26 30 28 27 26 22 18 14 8 5 2 1 1 0 0 
0 0 0 0 3 8 11 14 21 24 22 27 29 30 32 37 37 36 34 26 17 12 7 5 3 1 0 0 
0 0 0 0 2 9 11 14 22 22 24 30 28 35 35 38 37 36 28 23 16 10 7 5 4 1 0 0 
0 0 0 0 1 7 10 15 19 25 28 30 33 33 34 40 40 39 30 21 17 8 8 5 2 0 0 0 
0 0 0 0 1 8 9 15 19 20 26 31 31 35 33 38 40 38 30 22 17 10 8 2 2 0 0 0 
0 0 0 0 0 6 9 16 17 20 22 24 30 30 31 38 38 38 31 24 14 7 6 2 1 0 0 0 
0 0 0 0 0 3 8 11 15 18 23 27 29 31 36 41 39 37 28 16 13 9 4 1 1 1 1 0 
0 0 0 0 0 4 7 10 11 18 21 21 28 27 35 37 41 40 24 16 12 9 5 2 2 1 1 0 
0 0 0 0 0 4 7 9 14 22 19 23 31 29 39 42 45 34 26 18 15 12 4 4 1 0 0 0 
0 0 0 0 0 3 7 11 15 23 22 28 29 34 39 45 44 39 28 25 20 11 6 2 0 0 0 0 
0 0 0 0 0 2 7 13 18 23 27 28 27 28 37 40 38 36 29 23 17 12 4 1 1 0 0 0 
0 0 0 0 0 0 5 13 25 22 25 26 26 31 38 34 33 26 22 21 17 12 4 2 0 0 0 0 
0 0 0 0 0 2 7 12 18 18 19 21 24 29 33 33 28 25 20 13 12 10 6 2 0 0 0 0 
0 0 0 0 1 2 5 11 15 20 22 20 24 25 29 24 24 22 16 12 12 8 6 2 0 0 0 0 
0 0 0 0 1 2 4 10 16 23 22 20 22 25 24 24 22 20 13 10 10 8 7 2 0 0 0 0 
0 0 0 0 1 3 6 10 18 20 26 25 27 29 27 24 26 23 17 15 11 10 8 2 1 1 1 0 
0 0 0 0 1 3 6 10 16 23 24 27 29 28 27 26 27 24 21 16 12 10 7 2 1 1 1 0 
0 0 0 1 1 3 5 10 15 20 24 25 26 29 28 30 31 28 24 17 14 7 5 2 1 1 0 0 
0 0 0 1 1 1 3 9 18 19 25 26 24 26 26 33 27 28 25 18 11 6 4 2 1 1 0 0 
0 0 0 0 0 1 2 11 20 25 25 25 24 28 29 32 28 32 27 21 15 8 5 2 1 0 0 0 
0 0 0 0 0 2 4 11 20 23 30 28 28 30 31 30 30 30 26 20 16 8 4 2 0 0 0 0 
0 0 0 0 1 3 9 16 20 28 32 31 29 26 28 29 30 30 28 25 17 8 4 2 1 1 0 0 
0 0 0 0 1 3 10 15 24 26 28 27 23 29 28 29 31 32 31 24 19 9 5 2 1 1 0 0 
0 0 0 0 2 3 6 14 22 27 26 26 27 29 35 33 33 35 35 24 17 11 3 2 1 0 0 0 
0 0 0 0 2 3 8 15 22 27 30 31 30 31 36 39 40 34 32 24 17 10 6 3 1 0 0 0 
0 0 0 0 1 3 7 15 22 28 29 29 30 34 40 42 39 34 32 27 13 10 6 4 2 0 0 0 
0 0 0 1 2 3 3 13 21 26 29 28 31 38 43 41 43 36 34 29 15 9 7 4 2 0 0 0 
0 0 0 1 2 2 5 14 17 22 26 24 31 35 39 38 41 38 33 29 16 12 9 4 1 0 0 0 
0 0 0 1 2 4 7 15 21 24 30 32 31 31 35 38 38 32 32 21 14 13 8 4 2 0 0 0 
0 0 0 1 2 6 11 15 21 27 34 33 37 38 45 45 46 44 34 32 23 13 7 4 2 1 0 0 
0 0 0 1 2 5 10 12 22 29 38 38 44 47 52 57 51 47 35 29 18 11 5 4 2 0 0 0 
0 0 0 0 2 5 9 14 26 34 41 42 43 51 55 56 55 47 39 22 21 9 4 3 1 0 0 0 
0 0 0 0 1 5 6 13 23 28 37 40 42 45 49 49 46 45 36 23 15 9 2 2 1 0 0 0 
0 0 0 0 1 1 6 10 18 23 29 34 34 39 38 42 38 39 36 26 20 10 2 1 1 0 0 0 
0 0 0 0 1 2 7 12 16 21 26 24 31 37 40 42 42 40 34 25 19 8 3 1 1 0 0 0 
0 0 0 0 0 1 4 12 18 30 31 26 32 36 40 41 43 42 36 26 20 9 6 2 1 0 0 0 
0 0 0 0 0 1 2 11 22 26 29 34 43 44 45 45 40 37 33 23 20 10 6 6 2 1 0 0 
0 0 0 0 0 1 2 11 22 28 33 39 39 43 44 47 40 41 36 27 19 13 6 5 1 1 0 0 
0 0 0 0 0 1 2 10 22 28 30 35 36 36 33 39 38 36 29 27 20 16 8 5 1 0 0 0 
0 0 0 0 0 1 3 12 22 25 25 35 36 40 39 38 36 32 29 25 23 16 10 6 1 1 0 0 
0 0 0 0 0 0 4 13 18 25 29 32 40 38 39 38 36 28 36 25 20 12 10 7 1 1 0 0 
0 0 0 0 0 1 6 11 15 24 32 36 39 42 39 45 41 35 28 26 21 9 10 5 2 1 0 0 
0 0 0 0 0 3 7 15 18 25 28 36 37 40 47 45 40 37 33 28 19 11 8 6 2 1 0 0 
0 0 0 0 3 5 9 14 16 25 30 38 37 44 45 41 42 42 36 30 18 10 7 5 1 1 1 0 
0 0 0 0 2 5 8 13 17 26 34 34 37 42 43 39 40 43 32 26 16 11 5 5 1 1 1 0 
0 0 0 0 2 4 8 13 22 26 33 37 36 44 42 36 42 37 32 25 18 9 6 3 1 1 0 0 
0 0 0 0 2 5 7 14 21 27 31 36 40 46 45 47 46 39 29 26 18 9 4 2 1 0 0 0 
0 0 0 0 1 3 9 17 26 28 29 32 36 44 45 47 50 44 31 27 16 8 6 4 2 2 1 0 
0 0 0 0 0 3 12 15 23 32 29 30 35 41 50 52 51 43 30 25 8 7 5 3 2 2 1 0 
0 0 0 0 0 2 9 14 19 25 31 33 39 44 49 48 51 42 28 19 9 4 3 2 1 1 0 0 
0 0 0 0 0 2 11 12 19 25 29 32 33 41 43 44 44 37 31 18 11 7 4 2 2 2 0 0 
0 0 0 0 2 3 8 10 17 23 29 32 35 38 39 41 39 34 30 20 15 11 7 5 4 3 1 0 
0 0 0 1 1 3 9 11 19 21 26 29 31 39 44 45 40 34 27 22 17 11 7 4 4 3 1 0 
0 0 0 1 1 4 6 9 19 23 30 35 40 42 47 46 44 37 33 21 15 11 6 5 3 3 1 1 
0 0 0 0 1 3 4 14 23 24 33 39 41 49 49 48 45 44 38 24 14 9 6 4 3 2 1 1 
0 0 0 0 0 1 6 12 21 28 34 45 48 52 48 46 45 47 38 25 12 7 6 4 3 1 0 0 
0 0 0 0 0 2 5 12 19 26 35 40 48 50 49 49 49 44 37 25 16 8 7 4 3 1 0 0 
0 0 0 0 1 2 4 7 13 19 32 38 39 37 40 44 42 40 33 23 18 12 8 1 0 0 0 0 
0 0 0 0 1 1 5 10 14 26 30 36 39 37 33 37 43 44 39 28 23 17 11 4 2 0 0 0 
0 0 0 0 1 1 3 8 18 27 31 38 39 41 38 43 47 44 40 28 22 21 14 4 3 0 0 0 
0 0 0 0 0 2 2 7 17 25 29 34 37 39 36 49 45 45 43 30 26 19 13 5 2 1 0 0 
0 0 0 0 0 2 3 7 15 23 29 33 39 42 44 47 45 38 34 28 20 19 12 5 1 1 1 0 
0 0 0 0 1 3 3 9 12 22 27 35 40 37 37 43 36 34 24 24 21 16 9 3 1 0 1 0 
0 0 0 0 2 3 3 8 12 17 31 34 37 37 39 37 30 30 25 22 21 16 7 2 1 0 0 0 
0 0 0 0 2 3 3 6 9 19 28 32 36 35 39 37 37 27 24 25 22 16 7 1 1 0 0 0 
0 0 0 0 1 1 2 5 12 23 29 34 39 40 43 39 35 29 28 26 23 12 7 3 0 0 0 0 
0 0 0 0 1 1 2 6 15 24 24 32 33 40 43 40 34 30 28 22 18 10 7 4 0 0 0 0 
0 0 0 0 0 2 3 8 21 23 28 36 39 42 44 42 38 31 28 23 14 7 4 3 2 0 0 0 
0 0 0 0 0 2 8 12 20 27 34 42 43 47 45 44 36 35 32 22 14 6 4 3 1 0 0 0 
0 0 0 1 1 4 9 14 20 29 32 38 45 45 40 41 38 35 29 24 14 6 2 2 1 0 0 0 
0 0 0 1 1 6 12 16 23 29 36 39 36 34 39 40 39 38 31 24 12 5 4 2 1 0 0 0 
0 0 0 1 1 4 9 13 23 29 28 32 34 39 40 44 44 41 32 19 10 5 5 2 0 0 0 0 
0 0 0 0 1 1 6 11 18 26 28 33 36 44 43 49 46 41 30 22 14 10 5 2 1 0 0 0 
0 0 0 0 1 1 6 11 18 22 28 32 36 41 43 47 48 35 31 21 19 13 10 2 2 2 0 0 
0 0 0 0 1 2 8 11 18 26 28 29 35 38 43 45 39 34 32 20 14 10 8 5 2 2 0 0 
0 0 0 0 1 2 8 16 19 24 28 32 34 36 41 45 39 39 32 18 14 9 6 3 2 1 0 0 
0 0 0 0 1 5 9 17 23 26 32 34 35 34 37 38 40 37 33 20 10 8 6 3 2 1 0 0 
0 0 0 0 1 4 9 15 23 29 28 35 34 35 38 40 36 36 29 19 10 9 7 4 2 0 0 0 
0 0 0 0 2 4 9 14 22 28 27 30 31 30 34 33 35 36 26 18 11 9 6 4 2 0 0 0 
0 0 0 0 1 2 8 18 25 27 25 32 29 29 33 36 39 35 24 18 10 8 5 3 1 0 0 0 
0 0 0 0 1 5 10 18 20 24 23 25 28 34 37 41 44 37 30 19 16 10 7 4 2 1 0 0 
0 0 0 0 0 5 8 16 23 23 26 31 38 44 44 47 52 37 35 19 16 9 6 3 2 1 0 0 
0 0 0 0 1 3 7 17 24 27 35 39 42 42 44 52 48 43 37 26 19 12 9 6 1 0 0 0 
0 0 0 0 1 2 5 17 24 33 38 40 43 45 46 47 49 44 32 23 16 9 5 4 3 0 0 0 
0 0 0 0 1 1 6 15 26 36 39 40 42 46 48 49 47 45 31 23 15 9 7 5 3 1 0 0 
0 0 0 0 2 5 9 10 19 24 28 24 24 30 33 38 38 34 32 22 14 12 5 5 3 1 0 0 
0 0 0 0 2 7 8 11 20 24 25 28 30 33 35 38 39 35 35 21 18 10 5 5 2 0 0 0 
0 0 0 0 0 5 7 12 19 22 24 27 30 31 37 37 36 38 37 28 20 11 7 4 2 0 0 0 
0 0 0 0 2 5 10 16 23 24 30 33 37 36 36 35 43 43 38 32 22 14 7 3 1 0 0 0 
0 0 0 1 2 5 11 16 23 31 28 31 34 33 36 38 41 40 36 30 22 13 10 4 1 0 0 0 
0 0 0 1 1 5 9 16 23 34 35 34 40 37 41 43 43 44 38 27 18 13 8 2 1 0 0 0 
0 0 0 1 1 6 8 13 19 31 34 32 38 40 42 44 44 44 35 25 15 11 7 2 0 0 0 0 
0 0 0 0 2 7 9 12 17 26 30 31 32 40 43 47 43 44 35 24 15 10 6 3 0 0 0 0 
0 0 0 0 3 4 8 9 18 26 32 34 32 40 46 52 47 46 34 26 14 7 4 3 1 0 0 0 
0 0 0 1 3 6 7 11 15 23 27 30 37 41 47 47 46 47 31 30 13 6 5 2 1 0 0 0 
0 0 0 1 3 6 6 12 24 25 29 31 34 35 44 44 50 49 36 30 16 8 7 3 1 0 0 0 
0 0 0 1 2 5 5 12 24 31 36 39 42 47 52 48 49 49 40 28 19 14 9 5 1 0 0 0 
0 0 0 0 4 6 7 14 26 34 39 47 50 49 49 51 51 44 38 28 24 16 10 6 0 0 0 0 
0 0 0 1 3 6 8 16 26 36 37 44 47 45 47 49 48 38 33 25 22 17 11 6 0 0 0 0 
0 0 0 1 2 5 10 16 26 32 37 37 34 34 37 43 47 43 29 23 20 14 11 7 1 0 0 0 
0 0 0 1 2 5 10 16 25 36 35 36 36 37 42 48 48 44 27 20 21 14 14 7 2 0 0 0 
0 0 0 0 1 5 8 12 20 28 32 37 33 34 40 47 44 34 29 24 19 14 11 6 2 0 0 0 
0 0 0 0 1 5 8 11 18 22 30 30 29 36 36 39 36 33 27 24 21 14 11 4 3 0 0 0 
0 0 0 0 2 5 7 12 18 22 31 30 33 33 35 34 38 33 31 24 23 14 12 6 5 1 0 0 
0 0 0 0 4 6 6 12 15 24 27 28 33 32 38 36 38 33 31 23 18 15 10 5 4 1 0 0 
0 0 0 0 3 5 8 13 15 24 28 30 33 34 38 38 38 35 28 21 18 17 9 5 2 0 0 0 
0 0 0 0 2 4 7 12 16 22 24 31 33 32 37 34 37 34 28 24 21 15 9 5 3 2 1 0 
0 0 0 0 2 4 10 10 17 18 24 29 29 28 29 29 33 32 32 28 22 21 13 7 3 2 2 0 
0 0 0 0 0 6 10 16 20 25 27 27 31 29 38 37 37 35 29 25 24 20 11 6 3 1 0 0 
0 0 0 2 2 8 11 14 21 22 26 27 30 32 38 37 39 38 32 24 17 13 9 4 1 0 0 0 
0 0 0 2 4 5 10 15 18 23 29 30 32 32 36 33 38 35 28 22 14 7 7 4 1 0 0 0 
0 0 0 2 4 5 9 12 17 24 28 30 30 31 30 34 34 31 27 17 15 11 9 5 2 1 0 0 
0 0 0 3 5 6 8 11 17 22 25 28 30 31 35 33 34 30 26 18 18 14 11 5 2 1 0 0 
